    mean       sigma      income   income^2    age    child
  
constant  
   -1.6001    0.2409    3.3604         0    0.2460         0

   (1,1)       0.2585
   (1,2)       0.1341
   (1,3)       0.8842
   (1,5)       0.6714

price     
  -32.9840    3.2033   32.5988   -1.6355         0    3.9684

   (1,1)       9.4767
   (1,2)       0.9114
   (1,3)     234.5749
   (1,4)      12.2833
   (1,6)       6.0054

sugar     
    0.1334   -0.0012   -0.2039         0    0.0566         0

   (1,1)       0.2585
   (1,2)       0.0213
   (1,3)       0.0663
   (1,5)       0.0450

mushy     
   -0.3534    0.1239    1.3142         0   -0.7780         0

   (1,1)       0.0134
   (1,2)       0.1851
   (1,3)       0.4462
   (1,5)       0.5460

                                                                    
**********************************************************************
                                                                   
GMM objective:  22.0347
MD R-squared:  0.5156
MD weighted R-squared:  0.065299
run time (minutes):  5.5917
